Enter no of rows of a matrix:
19
Enter degree of equation(columns):
2
Enter the x values... 19 rows
160
155
143
162
170
175
167
162
156
172
180
159
169
157
161
171
181
177
140

//Matrix will be
25600.000000 160.000000 1.000000
24025.000000 155.000000 1.000000
20449.000000 143.000000 1.000000
26244.000000 162.000000 1.000000
28900.000000 170.000000 1.000000
30625.000000 175.000000 1.000000
27889.000000 167.000000 1.000000
26244.000000 162.000000 1.000000
24336.000000 156.000000 1.000000
29584.000000 172.000000 1.000000
32400.000000 180.000000 1.000000
25281.000000 159.000000 1.000000
28561.000000 169.000000 1.000000
24649.000000 157.000000 1.000000
25921.000000 161.000000 1.000000
29241.000000 171.000000 1.000000
32761.000000 181.000000 1.000000
31329.000000 177.000000 1.000000
19600.000000 140.000000 1.000000
enter solution:
68
78
56
70
72
78
68
54
43
71
65
59
63
62
90
45
62
57
80

(a,b,c)=0.003770
-1.305532
177.498413
enter one x value:
185
predicted y value is:64.993774
